0 |roiAndLabel 540.0 318.0 610.0 444.0 1.0 654.0 228.0 672.0 264.0 1.0 645.0 138.0 667.0 186.0 1.0 675.0 115.0 684.0 134.0 1.0 690.0 54.0 706.0 75.0 1.0 643.0 64.0 663.0 85.0 1.0 663.0 64.0 680.0 89.0 1.0 611.0 78.0 633.0 90.0 1.0 623.0 99.0 637.0 111.0 1.0 623.0 120.0 643.0 136.0 1.0 613.0 164.0 625.0 182.0 1.0 354.0 675.0 420.0 705.0 1.0 360.0 708.0 374.0 740.0 1.0 362.0 754.0 377.0 767.0 1.0 358.0 770.0 391.0 787.0 1.0 533.0 421.0 569.0 468.0 1.0 502.0 399.0 521.0 420.0 1.0 513.0 431.0 536.0 456.0 1.0
1 |roiAndLabel 530.0 96.0 541.0 112.0 1.0 527.0 112.0 544.0 135.0 1.0 530.0 138.0 541.0 155.0 1.0 530.0 156.0 539.0 165.0 1.0 523.0 165.0 540.0 188.0 1.0 523.0 219.0 537.0 248.0 1.0 534.0 213.0 556.0 231.0 1.0 543.0 250.0 556.0 283.0 1.0 545.0 302.0 561.0 317.0 1.0 558.0 317.0 572.0 329.0 1.0 559.0 334.0 567.0 341.0 1.0 555.0 342.0 568.0 349.0 1.0 555.0 345.0 564.0 361.0 1.0 617.0 459.0 628.0 471.0 1.0 603.0 488.0 616.0 508.0 1.0 721.0 104.0 728.0 118.0 1.0 728.0 117.0 739.0 143.0 1.0 708.0 133.0 730.0 156.0 1.0 653.0 103.0 674.0 119.0 1.0 633.0 84.0 643.0 103.0 1.0 600.0 41.0 610.0 53.0 1.0 523.0 45.0 530.0 56.0 1.0 529.0 58.0 537.0 71.0 1.0 567.0 363.0 580.0 380.0 1.0
2 |roiAndLabel 157.0 432.0 177.0 474.0 1.0 166.0 487.0 183.0 504.0 1.0 197.0 528.0 224.0 541.0 1.0 242.0 512.0 259.0 527.0 1.0 199.0 465.0 213.0 486.0 1.0
3 |roiAndLabel 197.0 323.0 213.0 346.0 1.0 201.0 348.0 222.0 376.0 1.0 240.0 350.0 256.0 357.0 1.0 259.0 387.0 266.0 396.0 1.0 309.0 338.0 316.0 369.0 1.0 294.0 359.0 309.0 374.0 1.0
4 |roiAndLabel 902.0 20.0 935.0 51.0 1.0 979.0 32.0 1030.0 89.0 1.0 1017.0 103.0 1087.0 209.0 1.0 828.0 139.0 1007.0 488.0 1.0 1053.0 438.0 1135.0 505.0 1.0 874.0 511.0 942.0 616.0 1.0 944.0 627.0 998.0 702.0 1.0 1028.0 589.0 1053.0 646.0 1.0 1015.0 685.0 1076.0 807.0 1.0 1078.0 803.0 1129.0 881.0 1.0 1189.0 913.0 1231.0 952.0 1.0 1164.0 975.0 1211.0 1080.0 1.0 1087.0 973.0 1139.0 1045.0 1.0 1064.0 885.0 1106.0 927.0 1.0 1536.0 5.0 1606.0 177.0 1.0 1635.0 795.0 1679.0 849.0 1.0 1900.0 789.0 1920.0 822.0 1.0 1792.0 1024.0 1816.0 1055.0 1.0 1089.0 349.0 1107.0 376.0 1.0 1112.0 323.0 1130.0 348.0 1.0 1036.0 543.0 1052.0 562.0 1.0
5 |roiAndLabel 1449.0 971.0 1506.0 1035.0 1.0 906.0 397.0 986.0 475.0 1.0 982.0 390.0 1029.0 458.0 1.0 1265.0 300.0 1329.0 416.0 1.0 937.0 335.0 954.0 364.0 1.0 913.0 585.0 966.0 646.0 1.0 897.0 478.0 954.0 570.0 1.0 998.0 559.0 1060.0 590.0 1.0 939.0 663.0 985.0 696.0 1.0 990.0 684.0 1024.0 760.0 1.0 1036.0 755.0 1054.0 795.0 1.0 1046.0 854.0 1079.0 910.0 1.0 1231.0 1010.0 1257.0 1031.0 1.0 1458.0 944.0 1494.0 974.0 1.0 1486.0 889.0 1499.0 909.0 1.0
6 |roiAndLabel 1424.0 942.0 1504.0 1015.0 1.0 1438.0 912.0 1474.0 954.0 1.0 1464.0 864.0 1489.0 895.0 1.0 1387.0 883.0 1413.0 921.0 1.0 909.0 388.0 1002.0 468.0 1.0 1005.0 387.0 1039.0 449.0 1.0 1261.0 297.0 1322.0 407.0 1.0 921.0 479.0 968.0 544.0 1.0 925.0 572.0 959.0 616.0 1.0 949.0 629.0 985.0 682.0 1.0 996.0 655.0 1043.0 718.0 1.0 1027.0 725.0 1057.0 769.0 1.0 1028.0 813.0 1062.0 868.0 1.0 1131.0 880.0 1150.0 906.0 1.0 1021.0 537.0 1073.0 575.0 1.0
7 |roiAndLabel 826.0 137.0 1003.0 484.0 1.0 1054.0 438.0 1133.0 505.0 1.0 1082.0 318.0 1133.0 377.0 1.0 945.0 628.0 996.0 701.0 1.0 1028.0 590.0 1054.0 645.0 1.0 1012.0 683.0 1071.0 802.0 1.0 1065.0 882.0 1107.0 924.0 1.0 1847.0 776.0 1876.0 807.0 1.0 1096.0 944.0 1123.0 1017.0 1.0 1155.0 948.0 1182.0 1047.0 1.0 1069.0 779.0 1120.0 846.0 1.0 857.0 507.0 952.0 600.0 1.0 1009.0 152.0 1076.0 231.0 1.0 914.0 66.0 940.0 110.0 1.0 986.0 87.0 1022.0 120.0 1.0 1603.0 1022.0 1631.0 1060.0 1.0 1719.0 975.0 1746.0 1009.0 1.0 1442.0 5.0 1538.0 230.0 1.0
8 |roiAndLabel 1040.0 438.0 1097.0 505.0 1.0 1080.0 318.0 1131.0 376.0 1.0 1846.0 776.0 1875.0 807.0 1.0 857.0 507.0 950.0 599.0 1.0 1009.0 152.0 1064.0 284.0 1.0 877.0 169.0 992.0 505.0 1.0 1074.0 906.0 1124.0 973.0 1.0 1574.0 997.0 1620.0 1041.0 1.0 1689.0 955.0 1719.0 978.0 1.0 1555.0 765.0 1597.0 807.0 1.0 1408.0 38.0 1496.0 228.0 1.0 939.0 602.0 988.0 671.0 1.0 1017.0 580.0 1047.0 620.0 1.0 1001.0 652.0 1047.0 753.0 1.0 1059.0 746.0 1087.0 864.0 1.0 921.0 108.0 952.0 146.0 1.0 986.0 122.0 1024.0 160.0 1.0
9 |roiAndLabel 883.0 213.0 996.0 345.0 1.0 1007.0 217.0 1061.0 311.0 1.0 979.0 158.0 1024.0 206.0 1.0 851.0 341.0 984.0 505.0 1.0 891.0 509.0 950.0 597.0 1.0 988.0 646.0 1047.0 747.0 1.0 1043.0 746.0 1097.0 833.0 1.0 1063.0 896.0 1103.0 955.0 1.0 1148.0 831.0 1179.0 868.0 1.0 1131.0 900.0 1160.0 929.0 1.0 1528.0 772.0 1557.0 803.0 1.0 1368.0 74.0 1482.0 282.0 1.0 1034.0 461.0 1053.0 509.0 1.0 1068.0 480.0 1101.0 519.0 1.0
10 |roiAndLabel 872.0 248.0 984.0 394.0 1.0 992.0 246.0 1070.0 353.0 1.0 1347.0 125.0 1448.0 299.0 1.0 998.0 662.0 1049.0 749.0 1.0 1036.0 738.0 1089.0 830.0 1.0 1063.0 879.0 1093.0 946.0 1.0 855.0 377.0 980.0 595.0 1.0 1034.0 490.0 1097.0 530.0 1.0 944.0 623.0 998.0 677.0 1.0 1009.0 591.0 1043.0 627.0 1.0 973.0 188.0 1017.0 230.0 1.0 1507.0 757.0 1540.0 814.0 1.0 1587.0 1049.0 1627.0 1080.0 1.0 934.0 188.0 953.0 215.0 1.0
11 |roiAndLabel 890.0 292.0 981.0 402.0 1.0 996.0 291.0 1049.0 366.0 1.0 1336.0 183.0 1412.0 314.0 1.0 1491.0 772.0 1530.0 808.0 1.0 1609.0 937.0 1634.0 969.0 1.0 1584.0 1010.0 1617.0 1053.0 1.0 1557.0 1052.0 1596.0 1080.0 1.0 1511.0 975.0 1539.0 999.0 1.0 1052.0 886.0 1110.0 943.0 1.0 1038.0 741.0 1076.0 802.0 1.0 990.0 672.0 1033.0 750.0 1.0 956.0 637.0 985.0 682.0 1.0 901.0 559.0 953.0 609.0 1.0 866.0 395.0 955.0 525.0 1.0 960.0 468.0 998.0 531.0 1.0 1031.0 509.0 1093.0 547.0 1.0 1039.0 423.0 1085.0 469.0 1.0 881.0 255.0 921.0 304.0 1.0 928.0 217.0 954.0 256.0 1.0 982.0 236.0 1008.0 271.0 1.0
12 |roiAndLabel 895.0 319.0 992.0 431.0 1.0 992.0 317.0 1057.0 391.0 1.0 1320.0 224.0 1388.0 351.0 1.0 890.0 426.0 963.0 618.0 1.0 1015.0 540.0 1091.0 573.0 1.0 984.0 686.0 1031.0 767.0 1.0 1034.0 764.0 1074.0 818.0 1.0 1053.0 878.0 1084.0 953.0 1.0 1559.0 1020.0 1590.0 1057.0 1.0 1547.0 1057.0 1583.0 1080.0 1.0 935.0 252.0 958.0 298.0 1.0 930.0 627.0 992.0 705.0 1.0 1003.0 627.0 1031.0 665.0 1.0
13 |roiAndLabel 895.0 365.0 987.0 452.0 1.0 1002.0 362.0 1034.0 426.0 1.0 890.0 461.0 977.0 663.0 1.0 1020.0 558.0 1081.0 595.0 1.0 943.0 672.0 989.0 730.0 1.0 996.0 712.0 1042.0 779.0 1.0 1036.0 782.0 1070.0 834.0 1.0 1048.0 901.0 1091.0 964.0 1.0 1291.0 260.0 1365.0 383.0 1.0 1511.0 1049.0 1557.0 1080.0 1.0 1536.0 1010.0 1574.0 1045.0 1.0 1549.0 944.0 1579.0 974.0 1.0
14 |roiAndLabel 881.0 652.0 927.0 676.0 1.0 1026.0 544.0 1067.0 598.0 1.0 1002.0 307.0 1036.0 335.0 1.0 912.0 239.0 945.0 266.0 1.0 927.0 281.0 961.0 315.0 1.0 602.0 130.0 633.0 170.0 1.0 997.0 346.0 1022.0 370.0 1.0 1042.0 325.0 1140.0 406.0 1.0 1203.0 400.0 1226.0 433.0 1.0 1026.0 417.0 1081.0 461.0 1.0 1091.0 444.0 1107.0 466.0 1.0 199.0 440.0 248.0 463.0 1.0 123.0 453.0 158.0 486.0 1.0
15 |roiAndLabel 232.0 240.0 263.0 270.0 1.0 814.0 310.0 846.0 367.0 1.0 709.0 429.0 737.0 457.0 1.0 861.0 360.0 882.0 403.0 1.0 902.0 355.0 974.0 416.0 1.0 1072.0 636.0 1100.0 663.0 1.0 1096.0 492.0 1136.0 589.0 1.0 1024.0 476.0 1055.0 501.0 1.0 965.0 421.0 1005.0 459.0 1.0 682.0 287.0 721.0 320.0 1.0
16 |roiAndLabel 132.0 270.0 173.0 302.0 1.0 757.0 336.0 792.0 391.0 1.0 857.0 360.0 953.0 434.0 1.0 935.0 432.0 980.0 466.0 1.0 1060.0 644.0 1102.0 677.0 1.0 675.0 453.0 708.0 484.0 1.0 1028.0 365.0 1074.0 395.0 1.0 995.0 484.0 1017.0 537.0 1.0 1074.0 520.0 1111.0 568.0 1.0
17 |roiAndLabel 13.0 313.0 56.0 344.0 1.0 552.0 339.0 581.0 365.0 1.0 623.0 374.0 664.0 393.0 1.0 687.0 359.0 726.0 403.0 1.0 740.0 375.0 781.0 434.0 1.0 804.0 382.0 867.0 458.0 1.0 866.0 371.0 916.0 416.0 1.0 891.0 445.0 918.0 478.0 1.0 1013.0 553.0 1085.0 600.0 1.0 1039.0 641.0 1081.0 689.0 1.0
18 |roiAndLabel 1042.0 660.0 1080.0 698.0 1.0 840.0 380.0 878.0 432.0 1.0 768.0 429.0 810.0 486.0 1.0 838.0 458.0 887.0 495.0 1.0 641.0 396.0 704.0 426.0 1.0 711.0 427.0 741.0 458.0 1.0 500.0 362.0 538.0 393.0 1.0 935.0 532.0 966.0 553.0 1.0 998.0 564.0 1046.0 600.0 1.0
19 |roiAndLabel 740.0 439.0 788.0 511.0 1.0 614.0 413.0 685.0 454.0 1.0 803.0 400.0 829.0 423.0 1.0 813.0 418.0 846.0 455.0 1.0 829.0 486.0 862.0 509.0 1.0 923.0 546.0 961.0 574.0 1.0 991.0 570.0 1042.0 616.0 1.0 1041.0 506.0 1073.0 547.0 1.0 1048.0 663.0 1083.0 704.0 1.0
20 |roiAndLabel 548.0 431.0 595.0 486.0 1.0 596.0 440.0 621.0 473.0 1.0 678.0 469.0 734.0 520.0 1.0 720.0 445.0 760.0 486.0 1.0 774.0 500.0 812.0 532.0 1.0 965.0 592.0 1011.0 627.0 1.0 1036.0 687.0 1076.0 714.0 1.0 882.0 561.0 918.0 592.0 1.0
21 |roiAndLabel 986.0 682.0 1037.0 724.0 1.0 897.0 611.0 961.0 652.0 1.0 824.0 579.0 862.0 609.0 1.0 592.0 495.0 675.0 556.0 1.0 454.0 470.0 522.0 512.0 1.0 665.0 460.0 709.0 499.0 1.0 713.0 521.0 741.0 558.0 1.0
22 |roiAndLabel 976.0 703.0 1021.0 743.0 1.0 880.0 629.0 942.0 671.0 1.0 794.0 593.0 841.0 632.0 1.0 667.0 548.0 711.0 582.0 1.0 571.0 471.0 667.0 526.0 1.0 550.0 533.0 612.0 583.0 1.0 496.0 530.0 531.0 567.0 1.0 397.0 513.0 455.0 548.0 1.0 392.0 641.0 422.0 676.0 1.0 200.0 495.0 233.0 525.0 1.0
23 |roiAndLabel 372.0 542.0 435.0 578.0 1.0 152.0 527.0 203.0 563.0 1.0 995.0 724.0 1046.0 759.0 1.0 895.0 634.0 955.0 698.0 1.0 802.0 620.0 830.0 650.0 1.0 767.0 611.0 795.0 640.0 1.0 543.0 547.0 615.0 608.0 1.0 586.0 494.0 612.0 523.0 1.0 669.0 573.0 694.0 613.0 1.0
24 |roiAndLabel 534.0 135.0 566.0 179.0 1.0 139.0 463.0 180.0 481.0 1.0 79.0 480.0 107.0 507.0 1.0 865.0 245.0 887.0 263.0 1.0 885.0 279.0 912.0 307.0 1.0 954.0 292.0 984.0 344.0 1.0 950.0 349.0 970.0 369.0 1.0 1003.0 330.0 1090.0 398.0 1.0 985.0 409.0 1053.0 458.0 1.0 1002.0 504.0 1057.0 588.0 1.0 875.0 642.0 906.0 673.0 1.0
25 |roiAndLabel 454.0 156.0 480.0 187.0 1.0 99.0 489.0 141.0 518.0 1.0 50.0 526.0 80.0 549.0 1.0 964.0 307.0 1055.0 383.0 1.0 1003.0 509.0 1052.0 584.0 1.0 895.0 630.0 953.0 663.0 1.0 908.0 299.0 938.0 336.0 1.0 735.0 381.0 760.0 401.0 1.0 916.0 339.0 928.0 364.0 1.0
26 |roiAndLabel 384.0 153.0 410.0 198.0 1.0 86.0 530.0 126.0 554.0 1.0 917.0 323.0 1016.0 391.0 1.0 986.0 400.0 1017.0 419.0 1.0 1024.0 512.0 1073.0 582.0 1.0 950.0 625.0 990.0 662.0 1.0 866.0 284.0 917.0 339.0 1.0 753.0 241.0 788.0 265.0 1.0 727.0 380.0 752.0 412.0 1.0 808.0 283.0 833.0 305.0 1.0
27 |roiAndLabel 271.0 183.0 320.0 226.0 1.0 813.0 293.0 878.0 336.0 1.0 917.0 294.0 998.0 395.0 1.0 1043.0 516.0 1084.0 552.0 1.0 987.0 622.0 1028.0 652.0 1.0 956.0 396.0 984.0 434.0 1.0 701.0 248.0 727.0 279.0 1.0 760.0 289.0 784.0 320.0 1.0 698.0 397.0 717.0 424.0 1.0
28 |roiAndLabel 701.0 413.0 726.0 445.0 1.0 242.0 209.0 289.0 253.0 1.0 903.0 346.0 960.0 413.0 1.0 1029.0 625.0 1062.0 657.0 1.0 963.0 303.0 998.0 361.0 1.0 812.0 315.0 880.0 351.0 1.0 963.0 404.0 990.0 429.0 1.0 1080.0 512.0 1105.0 570.0 1.0 750.0 310.0 778.0 335.0 1.0 693.0 274.0 715.0 297.0 1.0
29 |roiAndLabel 39.0 666.0 65.0 692.0 1.0 70.0 666.0 101.0 691.0 1.0 285.0 677.0 325.0 688.0 1.0 344.0 675.0 383.0 699.0 1.0 445.0 614.0 494.0 666.0 1.0 491.0 633.0 578.0 667.0 1.0 658.0 654.0 689.0 673.0 1.0 761.0 972.0 786.0 1009.0 1.0 707.0 667.0 734.0 687.0 1.0 740.0 676.0 766.0 693.0 1.0 773.0 612.0 805.0 655.0 1.0 825.0 604.0 857.0 678.0 1.0 866.0 639.0 884.0 707.0 1.0 894.0 693.0 940.0 728.0 1.0 1354.0 641.0 1404.0 736.0 1.0 1465.0 762.0 1496.0 807.0 1.0 1530.0 773.0 1560.0 814.0 1.0 1532.0 723.0 1579.0 749.0 1.0 1589.0 746.0 1615.0 772.0 1.0 1486.0 698.0 1531.0 723.0 1.0 1187.0 629.0 1215.0 696.0 1.0 1270.0 694.0 1303.0 720.0 1.0
30 |roiAndLabel 272.0 520.0 319.0 592.0 1.0 412.0 411.0 442.0 446.0 1.0 761.0 518.0 805.0 597.0 1.0 824.0 634.0 850.0 661.0 1.0 881.0 645.0 915.0 681.0 1.0 1200.0 747.0 1240.0 802.0 1.0 1201.0 867.0 1224.0 912.0 1.0 962.0 597.0 1014.0 644.0 1.0 403.0 523.0 429.0 556.0 1.0
31 |roiAndLabel 628.0 423.0 661.0 523.0 1.0 681.0 577.0 695.0 609.0 1.0 730.0 596.0 753.0 618.0 1.0 1006.0 691.0 1047.0 736.0 1.0 135.0 439.0 198.0 533.0 1.0 227.0 403.0 257.0 438.0 1.0
32 |roiAndLabel 836.0 631.0 895.0 673.0 1.0 473.0 401.0 547.0 486.0 1.0 465.0 281.0 483.0 302.0 1.0 25.0 388.0 71.0 411.0 1.0 12.0 418.0 61.0 451.0 1.0 98.0 332.0 125.0 367.0 1.0 144.0 388.0 172.0 418.0 1.0 206.0 378.0 243.0 403.0 1.0 213.0 427.0 249.0 451.0 1.0 582.0 540.0 609.0 564.0 1.0
33 |roiAndLabel 415.0 364.0 472.0 438.0 1.0 763.0 607.0 814.0 656.0 1.0 136.0 354.0 172.0 380.0 1.0 329.0 402.0 384.0 440.0 1.0 387.0 432.0 419.0 462.0 1.0 99.0 135.0 124.0 172.0 1.0 408.0 253.0 425.0 276.0 1.0 149.0 406.0 180.0 432.0 1.0
34 |roiAndLabel 72.0 139.0 92.0 170.0 1.0 391.0 329.0 435.0 444.0 1.0 709.0 598.0 766.0 654.0 1.0 451.0 509.0 514.0 538.0 1.0 281.0 402.0 334.0 433.0 1.0 346.0 428.0 366.0 462.0 1.0 418.0 491.0 438.0 514.0 1.0 103.0 403.0 135.0 429.0 1.0 365.0 256.0 388.0 286.0 1.0
35 |roiAndLabel 313.0 607.0 362.0 686.0 1.0 375.0 633.0 446.0 675.0 1.0 148.0 683.0 183.0 710.0 1.0 204.0 686.0 249.0 704.0 1.0 583.0 1007.0 609.0 1042.0 1.0 658.0 620.0 694.0 675.0 1.0 718.0 603.0 773.0 687.0 1.0 728.0 694.0 818.0 744.0 1.0 1222.0 631.0 1285.0 757.0 1.0 1344.0 775.0 1377.0 814.0 1.0 1406.0 789.0 1444.0 836.0 1.0 1406.0 725.0 1453.0 764.0 1.0 1468.0 750.0 1505.0 788.0 1.0 1113.0 698.0 1188.0 736.0 1.0 1784.0 893.0 1829.0 959.0 1.0
36 |roiAndLabel 180.0 609.0 320.0 667.0 1.0 526.0 612.0 567.0 659.0 1.0 583.0 606.0 678.0 725.0 1.0 737.0 652.0 783.0 692.0 1.0 1100.0 609.0 1187.0 760.0 1.0 1212.0 770.0 1238.0 808.0 1.0 1268.0 773.0 1320.0 828.0 1.0 1277.0 704.0 1321.0 750.0 1.0 1331.0 735.0 1384.0 786.0 1.0 1638.0 888.0 1683.0 952.0 1.0 365.0 1001.0 419.0 1040.0 1.0 0.0 670.0 107.0 706.0 1.0
37 |roiAndLabel 104.0 585.0 161.0 646.0 1.0 180.0 617.0 249.0 644.0 1.0 260.0 972.0 297.0 1002.0 1.0 512.0 668.0 534.0 685.0 1.0 547.0 643.0 615.0 715.0 1.0 531.0 586.0 562.0 651.0 1.0 1043.0 582.0 1092.0 722.0 1.0 1133.0 750.0 1168.0 781.0 1.0 1193.0 764.0 1235.0 805.0 1.0 1551.0 870.0 1609.0 939.0 1.0 1595.0 991.0 1622.0 1029.0 1.0
38 |roiAndLabel 48.0 554.0 95.0 624.0 1.0 112.0 588.0 188.0 610.0 1.0 422.0 559.0 487.0 603.0 1.0 483.0 610.0 540.0 682.0 1.0 976.0 581.0 1040.0 691.0 1.0 1055.0 719.0 1079.0 747.0 1.0 1105.0 730.0 1147.0 771.0 1.0 1164.0 681.0 1225.0 728.0 1.0 1457.0 838.0 1511.0 887.0 1.0
39 |roiAndLabel 0.0 528.0 25.0 598.0 1.0 44.0 546.0 118.0 591.0 1.0 56.0 913.0 96.0 956.0 1.0 229.0 587.0 287.0 614.0 1.0 407.0 593.0 471.0 646.0 1.0 893.0 556.0 951.0 668.0 1.0 979.0 692.0 1010.0 726.0 1.0 1034.0 693.0 1082.0 746.0 1.0 1048.0 580.0 1080.0 624.0 1.0 1095.0 646.0 1119.0 678.0 1.0 1125.0 660.0 1152.0 696.0 1.0 1363.0 825.0 1406.0 867.0 1.0 365.0 541.0 399.0 575.0 1.0 541.0 485.0 562.0 504.0 1.0
40 |roiAndLabel 336.0 550.0 391.0 615.0 1.0 0.0 523.0 34.0 564.0 1.0 477.0 445.0 505.0 481.0 1.0 409.0 514.0 445.0 535.0 1.0 821.0 546.0 872.0 630.0 1.0 895.0 652.0 931.0 697.0 1.0 951.0 678.0 994.0 713.0 1.0 1272.0 775.0 1335.0 851.0 1.0 1016.0 615.0 1080.0 672.0 1.0
